# Camera list with one line of data per camera:
#   CAMERA_ID, MODEL, WIDTH, HEIGHT, PARAMS[]
# Number of cameras: 64
63 SPHERE 2944 1472 1 1472 736
62 SPHERE 2944 1472 1 1472 736
61 SPHERE 2944 1472 1 1472 736
60 SPHERE 2944 1472 1 1472 736
59 SPHERE 2944 1472 1 1472 736
28 SPHERE 2944 1472 1 1472 736
27 SPHERE 2944 1472 1 1472 736
26 SPHERE 2944 1472 1 1472 736
25 SPHERE 2944 1472 1 1472 736
24 SPHERE 2944 1472 1 1472 736
23 SPHERE 2944 1472 1 1472 736
22 SPHERE 2944 1472 1 1472 736
21 SPHERE 2944 1472 1 1472 736
20 SPHERE 2944 1472 1 1472 736
19 SPHERE 2944 1472 1 1472 736
18 SPHERE 2944 1472 1 1472 736
17 SPHERE 2944 1472 1 1472 736
16 SPHERE 2944 1472 1 1472 736
15 SPHERE 2944 1472 1 1472 736
14 SPHERE 2944 1472 1 1472 736
13 SPHERE 2944 1472 1 1472 736
0 SPHERE 2944 1472 1 1472 736
1 SPHERE 2944 1472 1 1472 736
2 SPHERE 2944 1472 1 1472 736
3 SPHERE 2944 1472 1 1472 736
4 SPHERE 2944 1472 1 1472 736
5 SPHERE 2944 1472 1 1472 736
6 SPHERE 2944 1472 1 1472 736
7 SPHERE 2944 1472 1 1472 736
8 SPHERE 2944 1472 1 1472 736
9 SPHERE 2944 1472 1 1472 736
10 SPHERE 2944 1472 1 1472 736
11 SPHERE 2944 1472 1 1472 736
12 SPHERE 2944 1472 1 1472 736
29 SPHERE 2944 1472 1 1472 736
30 SPHERE 2944 1472 1 1472 736
31 SPHERE 2944 1472 1 1472 736
32 SPHERE 2944 1472 1 1472 736
33 SPHERE 2944 1472 1 1472 736
34 SPHERE 2944 1472 1 1472 736
35 SPHERE 2944 1472 1 1472 736
36 SPHERE 2944 1472 1 1472 736
37 SPHERE 2944 1472 1 1472 736
38 SPHERE 2944 1472 1 1472 736
39 SPHERE 2944 1472 1 1472 736
40 SPHERE 2944 1472 1 1472 736
41 SPHERE 2944 1472 1 1472 736
42 SPHERE 2944 1472 1 1472 736
43 SPHERE 2944 1472 1 1472 736
44 SPHERE 2944 1472 1 1472 736
45 SPHERE 2944 1472 1 1472 736
46 SPHERE 2944 1472 1 1472 736
47 SPHERE 2944 1472 1 1472 736
48 SPHERE 2944 1472 1 1472 736
49 SPHERE 2944 1472 1 1472 736
50 SPHERE 2944 1472 1 1472 736
51 SPHERE 2944 1472 1 1472 736
52 SPHERE 2944 1472 1 1472 736
53 SPHERE 2944 1472 1 1472 736
54 SPHERE 2944 1472 1 1472 736
55 SPHERE 2944 1472 1 1472 736
56 SPHERE 2944 1472 1 1472 736
57 SPHERE 2944 1472 1 1472 736
58 SPHERE 2944 1472 1 1472 736
