# Camera list with one line of data per camera:
#   CAMERA_ID, MODEL, WIDTH, HEIGHT, PARAMS[]
# Number of cameras: 64
0 SPHERE 1024 512 1 512 256
1 SPHERE 1024 512 1 512 256
2 SPHERE 1024 512 1 512 256
3 SPHERE 1024 512 1 512 256
4 SPHERE 1024 512 1 512 256
5 SPHERE 1024 512 1 512 256
6 SPHERE 1024 512 1 512 256
7 SPHERE 1024 512 1 512 256
8 SPHERE 1024 512 1 512 256
9 SPHERE 1024 512 1 512 256
10 SPHERE 1024 512 1 512 256
11 SPHERE 1024 512 1 512 256
12 SPHERE 1024 512 1 512 256
13 SPHERE 1024 512 1 512 256
14 SPHERE 1024 512 1 512 256
15 SPHERE 1024 512 1 512 256
16 SPHERE 1024 512 1 512 256
17 SPHERE 1024 512 1 512 256
18 SPHERE 1024 512 1 512 256
19 SPHERE 1024 512 1 512 256
20 SPHERE 1024 512 1 512 256
21 SPHERE 1024 512 1 512 256
22 SPHERE 1024 512 1 512 256
23 SPHERE 1024 512 1 512 256
24 SPHERE 1024 512 1 512 256
25 SPHERE 1024 512 1 512 256
26 SPHERE 1024 512 1 512 256
27 SPHERE 1024 512 1 512 256
28 SPHERE 1024 512 1 512 256
29 SPHERE 1024 512 1 512 256
30 SPHERE 1024 512 1 512 256
31 SPHERE 1024 512 1 512 256
32 SPHERE 1024 512 1 512 256
33 SPHERE 1024 512 1 512 256
34 SPHERE 1024 512 1 512 256
35 SPHERE 1024 512 1 512 256
36 SPHERE 1024 512 1 512 256
37 SPHERE 1024 512 1 512 256
38 SPHERE 1024 512 1 512 256
39 SPHERE 1024 512 1 512 256
40 SPHERE 1024 512 1 512 256
41 SPHERE 1024 512 1 512 256
42 SPHERE 1024 512 1 512 256
43 SPHERE 1024 512 1 512 256
44 SPHERE 1024 512 1 512 256
45 SPHERE 1024 512 1 512 256
46 SPHERE 1024 512 1 512 256
47 SPHERE 1024 512 1 512 256
48 SPHERE 1024 512 1 512 256
49 SPHERE 1024 512 1 512 256
50 SPHERE 1024 512 1 512 256
51 SPHERE 1024 512 1 512 256
52 SPHERE 1024 512 1 512 256
53 SPHERE 1024 512 1 512 256
54 SPHERE 1024 512 1 512 256
55 SPHERE 1024 512 1 512 256
56 SPHERE 1024 512 1 512 256
57 SPHERE 1024 512 1 512 256
58 SPHERE 1024 512 1 512 256
59 SPHERE 1024 512 1 512 256
60 SPHERE 1024 512 1 512 256
61 SPHERE 1024 512 1 512 256
62 SPHERE 1024 512 1 512 256
63 SPHERE 1024 512 1 512 256
